radii: 8.0 8.0 8.0 8.0 8.0 8.0 8.0 8.0
phis: 0.0 0.0 0.0 0.0 0.0 0.0 0.0 0.0
angular_momenta: 2.37176 2.37176 2.37176 2.37176 2.37176 2.37176 2.37176 2.37176
thetas: 0.785398 0.785398 0.785398 0.785398 0.785398 0.785398 0.785398 0.785398
carter_constants: 3.82514 3.82514 3.82514 3.82514 3.82514 3.82514 3.82514 3.82514
energies: 0.935179 0.935179 0.935179 0.935179 0.935179 0.935179 0.935179 0.935179
momentum_radial: 0.0 0.0 0.0 0.0 0.0 0.0 0.0 0.0
momentum_theta: 1.9558 1.9558 1.9558 1.9558 1.9558 1.9558 1.9558 1.9558
