radii: 6.0 6.0 6.0 6.0 6.0 6.0 6.0 6.0 6.0
phis: 0.0 0.0 0.0 0.0 0.0 0.0 0.0 0.0 0.0
angular_momenta: 3.60555 3.60555 3.60555 3.60555 3.60555 3.60555 3.60555 3.60555 3.60555

